wavelength,spectral_irradiance
320.0,1.084490733508973
321.0,0.6346024408812404
322.0,0.9686454358260228
323.0,0.4882184363500607
324.0,0.3479012896147584
325.0,0.8684841867975676
326.0,1.0851564378173912
327.0,1.0013680200606825
328.0,0.7838582162518215
329.0,1.0028005036777174
330.0,1.237410265336311
331.0,1.149674038102616
332.0,0.9718968398504162
333.0,0.858601695293473
334.0,1.0439098052858198
335.0,0.3327977753194177
336.0,0.6096364762452329
337.0,0.5314993368850458
338.0,0.6785969407084286
339.0,1.0721670864327086
340.0,1.0303831289297318
341.0,0.819407743459332
342.0,1.15420035384495
343.0,1.2767780937448776
344.0,0.8717342520802367
345.0,0.8537137894075978
346.0,1.0548917733982874
347.0,0.9078852439746092
348.0,1.159300540209646
349.0,0.7704522364537454
350.0,1.2106369893816304
351.0,1.2129500053914248
352.0,1.2371456340616966
353.0,1.066361533038354
354.0,1.3917392524249006
355.0,1.24450075103032
356.0,0.9973322932167148
357.0,0.772541842445308
358.0,0.709055522865386
359.0,0.7379130098822915
360.0,0.976039735966612
361.0,0.332026390339644
362.0,0.3157455925661516
363.0,1.3096772020655825
364.0,1.4245460475102747
365.0,1.1417529630746592
366.0,1.7151418082561087
367.0,1.0546143041899716
368.0,1.0788160571041026
369.0,1.103970454633137
370.0,1.4043869649139809
371.0,0.7922469817002904
372.0,1.08171061652465
373.0,1.336542661377665
374.0,1.5548011614912522
375.0,0.297111536606251
376.0,1.093731158487636
377.0,1.5022643705135037
378.0,1.862420401968155
379.0,1.234688293701514
380.0,1.1011491863267004
381.0,2.017479023277812
382.0,1.6346055937725843
383.0,1.0137193211451063
384.0,0.7491231835057354
385.0,1.2072737504701925
386.0,0.5059514991481591
387.0,1.9423375183383715
388.0,0.7965478193681467
389.0,0.5783148352722036
390.0,1.9101828703038024
391.0,1.2101061183442103
392.0,1.5243668964787531
393.0,0.8231830750472761
394.0,0.8602560903372575
395.0,0.8113274580722594
396.0,1.6426317800071335
397.0,0.241305628252784
398.0,1.6302910489879667
399.0,1.969185544036206
400.0,2.0832786186233854
401.0,0.8225743971400774
402.0,2.138056723003789
403.0,2.214410388640488
404.0,1.867343634650581
405.0,1.8673967247515055
406.0,1.3816938140735937
407.0,2.1343146301749303
408.0,1.8969708881684588
409.0,2.091489321431887
410.0,1.9200346706543328
411.0,2.068339779550767
412.0,0.6526568016932165
413.0,2.0601247308269657
414.0,1.9390067588996671
415.0,2.0105535325060417
416.0,0.8808836925746834
417.0,2.2610563263966896
418.0,1.1573953908483767
419.0,1.52714065943519
420.0,2.067336802243266
421.0,2.181915370517771
422.0,1.9753085690408527
423.0,2.1976337269266093
424.0,0.4512411311027706
425.0,1.8188664181025933
426.0,2.0169490913577213
427.0,1.4638599466066862
428.0,1.7594285633942413
429.0,1.5133613105645192
430.0,0.7588951289114606
431.0,1.8087051985733376
432.0,1.6856248910337923
433.0,2.214526019959288
434.0,1.444449130718894
435.0,2.2541224535032263
436.0,1.3360202124243772
437.0,2.332878271371106
438.0,2.3412294721264097
439.0,1.7950259556137071
440.0,2.0440652150718
441.0,2.1185192761357143
442.0,2.040966077932652
443.0,2.256112343217534
444.0,2.391936223147999
445.0,2.375279988245666
446.0,2.300250208296561
447.0,2.234132062354828
448.0,2.307183881377827
449.0,2.3515448667474
450.0,1.8036908415381576
451.0,2.140381368083489
452.0,2.1309900549237444
453.0,0.8666444959122598
454.0,1.7839347701539852
455.0,1.4309520965023326
456.0,1.7781735151238571
457.0,1.8089275096244823
458.0,2.117325488170034
459.0,2.063373257555712
460.0,2.070185055187
461.0,2.2468553937701228
462.0,1.7771572503052102
463.0,2.245885235616092
464.0,2.262713468858192
465.0,1.1777813801763617
466.0,2.1958397730533514
467.0,2.0888297511464278
468.0,2.153085297734388
469.0,1.9973381535633368
470.0,1.6604813832695318
471.0,1.3358005888472917
472.0,2.220276375234032
473.0,2.1510521486792813
474.0,2.2795390246168434
475.0,2.240962632342088
476.0,2.159345633681284
477.0,1.9094652747676453
478.0,2.26398859037894
479.0,2.099352640744103
480.0,2.105934994028789
481.0,1.5213511409696998
482.0,2.214893944149495
483.0,2.132571468562324
484.0,1.2920899522187446
485.0,2.131960942392297
486.0,1.8835330682966815
487.0,2.0924122240011656
488.0,2.1565672650536905
489.0,0.9050705394988668
490.0,2.1537315603159715
491.0,2.0903795944577728
492.0,1.8579007699438332
493.0,2.223418322136533
494.0,2.068678291385475
495.0,2.157889172600527
496.0,2.127451660639815
497.0,1.53117183056105
498.0,0.7998651414365566
499.0,2.188635754068618
500.0,2.1827663706677125
501.0,2.000882512241367
502.0,1.7379838191837715
503.0,2.1380633767499724
504.0,1.1882833194651103
505.0,2.100313747405579
506.0,2.146238522977896
507.0,1.9875227989576647
508.0,2.091184088318703
509.0,1.7622356150628125
510.0,0.8700457890567469
511.0,2.1034802112647366
512.0,2.163940055411199
513.0,2.035918641988145
514.0,2.05580656944157
515.0,2.0851142333398607
516.0,1.9265657821009217
517.0,1.7131206279516435
518.0,2.07209964567461
519.0,1.99505991486655
520.0,2.082260175851784
521.0,0.7163265089081741
522.0,2.086974315059942
523.0,2.034604167455063
524.0,1.9011804016713632
525.0,2.107849414676031
526.0,2.1023287235413064
527.0,1.7759104321822643
528.0,2.069656142309117
529.0,1.1178926092814934
530.0,1.3156125534635532
531.0,1.986348942258704
532.0,2.07862639122468
533.0,0.5174486930029678
534.0,2.021054183006115
535.0,2.027504190681664
536.0,2.0659908872608783
537.0,1.935635387631784
538.0,2.04229043317891
539.0,1.962725325957356
540.0,2.0228817353004134
541.0,2.045560629540496
542.0,2.036657517523355
543.0,2.024920818777792
544.0,2.0129964364349413
545.0,1.9693261518797167
546.0,2.02488467275123
547.0,1.9944644045831788
548.0,1.50841244197713
549.0,1.986085559810325
550.0,1.9874629052514088
551.0,1.8453141300529756
552.0,1.9805887062707843
553.0,0.5661260014857173
554.0,1.6950845499557556
555.0,1.956189658792659
556.0,1.980842487743064
557.0,1.978797689636833
558.0,1.9427394805364548
559.0,1.9120296045690783
560.0,0.7846894749566317
561.0,1.963125999366764
562.0,1.938263447533668
563.0,1.903037106565304
564.0,1.906294524936848
565.0,1.946312292471435
566.0,1.6901456719782508
567.0,1.8884167881170155
568.0,1.8877684974416256
569.0,1.8283922048713803
570.0,1.671584497517456
571.0,1.0454669117705513
572.0,1.9137092159122109
573.0,1.9247640954956136
574.0,1.915159402889961
575.0,1.6335275470224129
576.0,1.9123051655709065
577.0,1.9004886918054165
578.0,1.7640364524662804
579.0,1.7955046956487513
580.0,1.8870955599316517
581.0,1.8862368470308792
582.0,1.888235188801149
583.0,1.8856217651427447
584.0,1.5946156600771344
585.0,1.8769853025034156
586.0,1.8626636833094468
587.0,1.8679085337052668
588.0,1.8694018501458871
589.0,1.78270166913841
590.0,1.8368343701296803
591.0,1.857211777523775
592.0,1.8550733973747573
593.0,1.839121590384754
594.0,1.840275865488342
595.0,1.7782653488099134
596.0,1.6622140747229792
597.0,1.8299478027740192
598.0,1.8088600430359336
599.0,1.816128091839416
600.0,1.8082199846230889
601.0,1.780524505441822
602.0,1.7040449181581423
603.0,1.7853528273303472
604.0,1.7998238560951352
605.0,1.7934176072908796
606.0,1.7941125840862586
607.0,1.790142105915445
608.0,1.7236597422997713
609.0,1.7759493555983734
610.0,1.6646176855832042
611.0,1.7727998258229696
612.0,1.7680049824681665
613.0,1.757378140574645
614.0,1.7204919396988891
615.0,1.7629242877833544
616.0,1.745748431270331
617.0,1.7495581505374966
618.0,1.738017357661153
619.0,1.7441393935954213
620.0,1.7446649396377731
621.0,1.7194979239684547
622.0,1.7233371554972183
623.0,1.7263078533556937
624.0,1.612447599941257
625.0,1.717314316328491
626.0,1.700680180655222
627.0,1.7113997553896894
628.0,1.611562731623808
629.0,1.6767401917106688
630.0,1.6969871617021144
631.0,1.6978246545474922
632.0,1.633672231034757
633.0,1.690404179009006
634.0,1.6759206819630823
635.0,1.6811009930190504
636.0,1.6722168331888605
637.0,1.677367542067741
638.0,1.3238147242912135
639.0,1.6585340435627212
640.0,1.6596831834928287
641.0,1.5871089455941272
642.0,1.6545776221800148
643.0,1.6498217422037602
644.0,1.6342254011134387
645.0,1.63896171947554
646.0,1.6452747758707953
647.0,1.6391481542465902
648.0,1.6370889197090757
649.0,1.6286400007984936
650.0,1.617189752819531
651.0,1.6057057365791596
652.0,1.596883868201598
653.0,1.6118858079662453
654.0,1.6048846682964313
655.0,1.5679773572619904
656.0,1.4469684328415788
657.0,1.4857839004108644
658.0,1.5698936861157202
659.0,1.5697706317737758
660.0,1.580007849872421
661.0,1.5733206351463902
662.0,1.5785754461802648
663.0,1.5758257306218195
664.0,1.5547462530993283
665.0,1.5272734546217717
666.0,1.570554524997125
667.0,1.5550503073205455
668.0,1.399350388762418
669.0,1.5608941047695373
670.0,1.5455184462609493
671.0,1.5475242610074127
672.0,1.5347896601841688
673.0,1.5467380399719608
674.0,1.5018571132921814
675.0,1.4878592897645615
676.0,1.5328296923464646
677.0,1.5290782083443142
678.0,1.5301727795632338
679.0,1.5249881225919664
680.0,1.5104880211524152
681.0,1.5146080287813664
682.0,1.501013965761609
683.0,1.471988206902423
684.0,1.4942910845582913
685.0,1.5040479940961409
686.0,1.1384551826391829
687.0,1.493240751759939
688.0,1.4926714268650747
689.0,1.4897747494352318
690.0,1.4824164754338849
691.0,1.4752240855190564
692.0,1.4695274997067094
693.0,1.4675575612403404
694.0,1.475012384495609
695.0,1.4657683928692171
696.0,1.4508713744895745
697.0,1.453101598315258
698.0,1.4421733197403086
699.0,1.45902563035223
700.0,1.4483463077849863
701.0,1.3657817896921491
702.0,1.4181526666115498
703.0,1.443501231643685
704.0,1.3994775192731952
705.0,1.4361024357286476
706.0,1.4204755733251295
707.0,1.3780438846209169
708.0,1.4223076913281452
709.0,1.3897136762520863
710.0,1.4090175026986276
711.0,1.4024698168302403
712.0,1.340889096189033
713.0,1.3972007591866706
714.0,1.4038352934267817
715.0,1.1095973259697116
716.0,1.3964687871628905
717.0,1.3971154094064295
718.0,1.3958348330126846
719.0,1.360232735215963
720.0,1.38245375980505
721.0,1.372351095240326
722.0,1.3744062036559583
723.0,1.374262928319608
724.0,1.36944778404552
725.0,1.3686193826551367
726.0,1.3656990874235273
727.0,1.3561905644286203
728.0,1.3359630861170588
729.0,1.351720805528841
730.0,1.3458419310485457
731.0,0.969547108349297
732.0,1.342314596369759
733.0,1.342510282445562
734.0,1.330535567410115
735.0,1.3308272632469058
736.0,1.3188243746915853
737.0,1.3310081132670308
738.0,1.328134644023949
739.0,1.2464825283694017
740.0,1.2850475013770593
741.0,1.3191415965366304
742.0,1.3137618329449332
743.0,1.3039740074647967
744.0,1.3078021394259791
745.0,1.179126056323124
746.0,1.3008889321090615
747.0,1.2994128394798816
748.0,1.295546143764546
749.0,1.2865241534803928
750.0,1.290104298523028
751.0,1.2866895680082464
752.0,1.269658825103792
753.0,1.2802172013477766
754.0,1.2670564810317493
755.0,1.1095936194534444
756.0,1.2556098796253945
757.0,1.2654967170447886
758.0,1.2658456490856065
759.0,1.2596295615498876
760.0,1.2601787653564451
761.0,1.2568192029894447
762.0,1.2254663013980878
763.0,1.2268369231587195
764.0,1.2437149795723128
765.0,1.1948245414089025
766.0,1.205185922807189
767.0,1.236972346933254
768.0,1.2279064479186594
769.0,1.2293644975063884
770.0,1.230497942188368
771.0,1.2192486952896666
772.0,1.2248459544585444
773.0,1.2009566778497636
774.0,1.216889602587086
775.0,1.2138982541379797
776.0,1.2121021123211575
777.0,1.2106716168354894
778.0,1.202548421778964
779.0,1.2048902706888844
780.0,1.19000284329473
781.0,0.948477801267668
782.0,1.1942658964760042
783.0,1.1935139232512355
784.0,1.190401158920206
785.0,1.187321033911668
786.0,1.1850674320588557
787.0,1.182261329498223
788.0,1.1631616811458865
789.0,1.1603666881434451
790.0,1.168162440961014
791.0,1.1683810554865015
792.0,1.1280899848279202
793.0,1.1491197490756273
794.0,1.149430526977297
795.0,1.159464306286869
796.0,1.157338654174844
797.0,1.1545957721935594
798.0,1.1517681798310662
799.0,1.1395587653882182
800.0,1.141133705111593
801.0,1.1347479570388197
802.0,1.140150848892399
803.0,1.1258505096974838
804.0,1.1357222612959528
805.0,1.0884684748531723
806.0,1.1238455341622509
807.0,1.114296948821708
808.0,1.1208023943915046
809.0,1.1223688720683074
810.0,1.112473592583561
811.0,1.116460924913249
812.0,1.1145889443767951
813.0,1.0955020640238904
814.0,1.1092528897033418
815.0,1.093472361729194
816.0,1.1044328500304104
817.0,1.0971937939768124
818.0,1.0918305648444735
819.0,1.0812702504221714
820.0,1.0941925448333107
821.0,0.6979155632482088
822.0,1.0888600967700257
823.0,1.0794910526797128
824.0,1.084404854226408
825.0,1.078718368920654
826.0,1.0784010871319496
827.0,1.0747372607409238
828.0,1.0746550080497466
829.0,1.066733753190812
830.0,1.0535389648950793
831.0,1.0555676581381774
832.0,1.0640738931776654
833.0,1.056242723648057
834.0,1.05748288802482
835.0,1.053074651300708
836.0,1.0533618313818311
837.0,1.0529529157192683
838.0,1.0426346737744616
839.0,0.5884817694303132
840.0,1.0460714635558677
841.0,1.0439828965877331
842.0,1.0399204048998858
843.0,1.0389227126250136
844.0,1.0313883641150663
845.0,1.011380779127058
846.0,1.0284480177294195
847.0,1.020071640637207
848.0,1.025997061368953
849.0,1.0091628137797022
850.0,0.6279319704173756
851.0,1.0174341795714212
852.0,1.0127786952338933
853.0,0.99408271747393
854.0,0.8930463409726632
855.0,0.9157464552681398
856.0,0.9913017612783764
857.0,0.9972608004123832
858.0,1.0041757810625551
859.0,1.0027876457627962
860.0,0.9972270121697544
861.0,0.9926050263471686
862.0,0.9963333421249976
863.0,0.9936605942251002
864.0,0.989885892045579
865.0,0.9760223223335838
866.0,0.9192999953166532
867.0,0.9345636790696584
868.0,0.9753163558673322
869.0,0.9637701181086016
870.0,0.9771873673146272
871.0,0.974604914546864
872.0,0.9276876717886448
873.0,0.960775612626772
874.0,0.9554189073626876
875.0,0.9414662513823544
876.0,0.9557282765883636
877.0,0.9565756301656972
878.0,0.9606423978345752
879.0,0.9592903086552786
880.0,0.957333387953589
881.0,0.884344679613229
882.0,0.952955782439382
883.0,0.9481603496385956
884.0,0.9445850900041938
885.0,0.9422464480800462
886.0,0.92809896521636
887.0,0.9184786872592878
888.0,0.9359924861422564
889.0,0.9367142877251744
890.0,0.935710231431806
891.0,0.934213787930292
892.0,0.9311099252326692
893.0,0.8102446957542229
894.0,0.9283649951763584
895.0,0.9256808779624128
896.0,0.9238863146619524
897.0,0.8862300475669277
898.0,0.9184302028295196
899.0,0.914855252904024
900.0,0.909236374055357
901.0,0.8960610474676788
902.0,0.8781317591008436
903.0,0.899456296293186
904.0,0.903284368310709
905.0,0.9028172573455704
906.0,0.9024334580762564
907.0,0.9009774066105044
908.0,0.8983747828013849
909.0,0.8970543738460314
910.0,0.8955519959222459
911.0,0.8935920480657613
912.0,0.8910964736415518
913.0,0.8895924372765255
914.0,0.8875608867190004
915.0,0.8751041447378576
916.0,0.883143258821597
917.0,0.8813224901514101
918.0,0.8788036076343405
919.0,0.8763503933960403
920.0,0.8404836942965341
921.0,0.8706798630942715
922.0,0.763418657273637
923.0,0.8196510148100138
924.0,0.6267248649687195
925.0,0.8617896689357114
926.0,0.8397309018417549
927.0,0.8607369883440363
928.0,0.8591439556261611
929.0,0.8178983221555781
930.0,0.8547956325895251
931.0,0.8522910766070294
932.0,0.8482809157337559
933.0,0.8438086292096758
934.0,0.8480197412101614
935.0,0.8461193973322464
936.0,0.8442445994438053
937.0,0.8423944383993387
938.0,0.8405358652613496
939.0,0.8091029189036
940.0,0.830873846536181
941.0,0.8293623871480107
942.0,0.8315859672181213
943.0,0.8314903171190894
944.0,0.8256520644585835
945.0,0.8198027821647655
946.0,0.8082803820012189
947.0,0.8243877427871203
948.0,0.8223835764912879
949.0,0.8206682287365997
950.0,0.8186565295209145
951.0,0.8162171422866941
952.0,0.813416035031004
953.0,0.8069621509988201
954.0,0.7962992130317866
955.0,0.7403046919543147
956.0,0.7975016428750169
957.0,0.802724144276526
958.0,0.8033933952514529
959.0,0.8027327162198066
960.0,0.8015696893419599
961.0,0.8001768884273851
962.0,0.7982832182768727
963.0,0.7968942437658835
964.0,0.7951018983808171
965.0,0.6573015760969484
966.0,0.7203912884456849
967.0,0.761112414897344
968.0,0.7887539048227966
969.0,0.7662011919855524
970.0,0.7638725906243383
971.0,0.7795027499291182
972.0,0.782301289598068
973.0,0.7806449863477958
974.0,0.7662712561326707
975.0,0.725959844592365
976.0,0.7756333867209435
977.0,0.7740094830185258
978.0,0.7664834267147826
979.0,0.7704348028394974
980.0,0.7690569478773094
981.0,0.7673878166839456
982.0,0.7657405849074482
983.0,0.7490602226822447
984.0,0.7625071140277969
985.0,0.7597213423582793
986.0,0.7592436413466632
987.0,0.7575279838830686
988.0,0.7560054049460971
989.0,0.744853086944493
990.0,0.7526056303743124
991.0,0.7510951200940811
992.0,0.7495626104908847
993.0,0.7314013601437569
994.0,0.7445087805560517
995.0,0.7447319308184266
996.0,0.7430934608067977
997.0,0.7282177324168181
998.0,0.7392575461605155
999.0,0.7375033449239874
